REMARK  Neural network 3-state phi/psi distribution prediction for shifts.txt
REMARK    A: Alpha        (-160<Phi<0&-70<psi<60)
REMARK    P: Positive_Phi (0<Phi<160&-60<psi<95) 
REMARK    B: Beta         (all others)

VARS RESID RESNAME CS_CNT CS_CNT_R2 Q_A Q_B Q_P 
FORMAT %4d %1s %2d %2d %7.4f %7.4f %7.4f 

    2 G  8  3  0.4034  0.5186  0.0781 
    3 G 14  5  0.0668  0.0766  0.8566 
    4 R 17  6  0.0376  0.9624  0.0000 
    5 D 18  6  0.1043  0.8746  0.0210 
    6 Y 18  6  0.0308  0.9692  0.0000 
    7 K 16  6  0.1778  0.8118  0.0105 
    8 D 10  4  0.1098  0.8902  0.0000 
    9 D  4  0  0.0000  0.0000  0.0000 
   10 D  4  0  0.0000  0.0000  0.0000 
   11 D 10  4  0.7946  0.1997  0.0057 
   12 K 15  6  0.6262  0.3139  0.0599 
   13 G 17  5  0.0000  0.1996  0.8004 
   14 T 17  6  0.0000  1.0000  0.0000 
   15 M 18  6  0.0102  0.9885  0.0013 
   16 E 18  6  0.0073  0.9917  0.0010 
   17 L 18  6  0.0070  0.9914  0.0016 
   18 E 18  6  0.0082  0.9918  0.0000 
   19 L 18  6  0.0109  0.9872  0.0019 
   20 R 18  6  0.0078  0.9912  0.0010 
   21 F 16  6  0.0085  0.9897  0.0018 
   22 F 10  4  0.0083  0.9899  0.0018 
   23 A  8  0  0.0271  0.9729  0.0000 
   24 T 10  4  0.9942  0.0000  0.0058 
   25 F 16  6  0.9966  0.0022  0.0012 
   26 R 18  6  0.9960  0.0018  0.0022 
   27 E 18  6  0.9968  0.0010  0.0022 
   28 V 18  6  0.9968  0.0008  0.0025 
   29 V 17  6  0.9987  0.0013  0.0000 
   30 G 17  5  0.2976  0.0292  0.6732 
   31 Q 17  6  0.0059  0.9739  0.0202 
   32 K 18  6  0.9525  0.0090  0.0385 
   33 S 18  6  0.0028  0.9942  0.0030 
   34 I 18  6  0.0086  0.9908  0.0007 
   35 Y 18  6  0.0108  0.9886  0.0005 
   36 W 18  6  0.0116  0.9878  0.0006 
   37 R 18  6  0.0118  0.9882  0.0000 
   38 V 18  6  0.0033  0.9967  0.0000 
   39 D 18  6  0.1654  0.8089  0.0257 
   40 D 18  6  0.9734  0.0210  0.0056 
   41 D 18  6  0.9436  0.0438  0.0126 
   42 A 18  6  0.0625  0.8958  0.0417 
   43 T 18  6  0.0000  1.0000  0.0000 
   44 V 17  6  0.9778  0.0178  0.0043 
   45 G 17  5  0.9950  0.0013  0.0037 
   46 D 17  6  0.9965  0.0018  0.0017 
   47 V 18  6  0.9925  0.0045  0.0030 
   48 L 18  6  0.9963  0.0014  0.0024 
   49 R 18  6  0.9976  0.0002  0.0022 
   50 S 18  6  0.9973  0.0003  0.0023 
   51 L 18  6  0.9977  0.0001  0.0022 
   52 E 18  6  0.9956  0.0017  0.0027 
   53 A 18  6  0.9976  0.0000  0.0024 
   54 E 18  6  0.9949  0.0034  0.0017 
   55 Y 18  6  0.0697  0.9178  0.0125 
   56 D 17  6  0.9751  0.0225  0.0024 
   57 G 17  5  0.9115  0.0351  0.0534 
   58 L 17  6  0.9997  0.0003  0.0000 
   59 A 17  6  0.0460  0.9540  0.0000 
   60 G 17  5  0.1042  0.0000  0.8958 
   61 R 17  6  0.0000  1.0000  0.0000 
   62 L 18  6  0.2819  0.6954  0.0227 
   63 I 18  6  0.0000  0.9948  0.0052 
   64 E 18  6  0.0104  0.9516  0.0379 
   65 D 17  6  0.0015  0.0000  0.9985 
   66 G 17  5  0.0114  0.0559  0.9326 
   67 E 17  6  0.0000  0.9799  0.0201 
   68 V 16  6  0.9716  0.0191  0.0093 
   69 K 14  4  0.6523  0.3365  0.0112 
   70 P 14  4  0.9543  0.0457  0.0000 
   71 H 16  6  0.0557  0.0173  0.9270 
   72 V 18  6  0.0000  1.0000  0.0000 
   73 N 18  6  0.0083  0.9907  0.0010 
   74 V 18  6  0.0061  0.9927  0.0012 
   75 L 18  6  0.0072  0.9917  0.0011 
   76 K 18  6  0.0136  0.9494  0.0370 
   77 N 17  6  0.0000  0.0000  1.0000 
   78 G 17  5  0.0038  0.0635  0.9328 
   79 R 17  6  0.0000  1.0000  0.0000 
   80 E 18  6  0.1333  0.8488  0.0179 
   81 V 18  6  0.9869  0.0093  0.0038 
   82 V 18  6  0.9977  0.0003  0.0020 
   83 H 18  6  0.9985  0.0000  0.0015 
   84 L 18  6  0.0067  0.9891  0.0042 
   85 D 17  6  0.0149  0.9851  0.0000 
   86 G 17  5  0.0000  0.9086  0.0914 
   87 M 17  6  0.9621  0.0379  0.0000 
   88 A 18  6  0.7088  0.2627  0.0285 
   89 T 18  6  0.9872  0.0128  0.0000 
   90 A 18  6  0.9215  0.0392  0.0393 
   91 L 18  6  0.0014  0.9954  0.0032 
   92 D 18  6  0.0011  0.9989  0.0000 
   93 D 17  6  0.0486  0.9070  0.0445 
   94 G 17  5  0.0000  0.0259  0.9741 
   95 D 17  6  0.1029  0.8971  0.0000 
   96 A 18  6  0.0000  0.9968  0.0032 
   97 V 18  6  0.0086  0.9899  0.0015 
   98 S 18  6  0.0063  0.9922  0.0015 
   99 V 16  6  0.0093  0.9899  0.0008 
  100 F 10  4  0.0000  0.9977  0.0023 
  101 P  8  0  0.0182  0.9818  0.0000 
  102 P 10  4  0.0780  0.9220  0.0000 
  103 V 16  6  0.0363  0.9629  0.0008 
  104 A 17  6  0.0577  0.9423  0.0000 
  105 G 14  5  0.4647  0.2476  0.2877 
  106 G  8  3  0.3999  0.5352  0.0649 
