REMARK  Neural network 3-state phi/psi distribution prediction for shifts.txt
REMARK    A: Alpha        (-160<Phi<0&-70<psi<60)
REMARK    P: Positive_Phi (0<Phi<160&-60<psi<95) 
REMARK    B: Beta         (all others)

VARS RESID RESNAME CS_CNT CS_CNT_R2 Q_A Q_B Q_P 
FORMAT %4d %1s %2d %2d %7.4f %7.4f %7.4f 

    2 G  8  3  0.3905  0.5293  0.0802 
    3 G 14  5  0.0686  0.0771  0.8543 
    4 R 17  6  0.0371  0.9629  0.0000 
    5 D 18  6  0.1027  0.8780  0.0193 
    6 Y 18  6  0.0326  0.9674  0.0000 
    7 K 16  6  0.1951  0.7934  0.0115 
    8 D 10  4  0.1086  0.8914  0.0000 
    9 D  4  0  0.0000  0.0000  0.0000 
   10 D  4  0  0.0000  0.0000  0.0000 
   11 D 10  4  0.7920  0.2022  0.0058 
   12 K 15  6  0.6104  0.3326  0.0570 
   13 G 17  5  0.0000  0.2010  0.7990 
   14 T 17  6  0.0000  1.0000  0.0000 
   15 M 18  6  0.0101  0.9886  0.0013 
   16 E 18  6  0.0073  0.9917  0.0010 
   17 L 18  6  0.0070  0.9914  0.0016 
   18 E 18  6  0.0082  0.9918  0.0000 
   19 L 18  6  0.0109  0.9871  0.0019 
   20 R 18  6  0.0076  0.9920  0.0004 
   21 F 18  6  0.0116  0.9870  0.0014 
   22 F 14  6  0.0000  1.0000  0.0000 
   23 A 12  2  0.0993  0.9007  0.0000 
   24 T 12  4  0.9883  0.0063  0.0055 
   25 F 16  6  0.9962  0.0038  0.0000 
   26 R 18  6  0.9952  0.0023  0.0025 
   27 E 18  6  0.9968  0.0011  0.0022 
   28 V 18  6  0.9968  0.0008  0.0024 
   29 V 18  6  0.9983  0.0017  0.0000 
   30 G 18  6  0.2133  0.0199  0.7668 
   31 Q 18  6  0.0028  0.9746  0.0226 
   32 K 18  6  0.9543  0.0080  0.0377 
   33 S 18  6  0.0030  0.9940  0.0030 
   34 I 18  6  0.0086  0.9907  0.0007 
   35 Y 18  6  0.0108  0.9887  0.0005 
   36 W 18  6  0.0117  0.9877  0.0007 
   37 R 18  6  0.0119  0.9881  0.0000 
   38 V 18  6  0.0032  0.9968  0.0000 
   39 D 18  6  0.1722  0.8012  0.0266 
   40 D 18  6  0.9745  0.0205  0.0050 
   41 D 18  6  0.9419  0.0447  0.0134 
   42 A 18  6  0.0619  0.8963  0.0418 
   43 T 18  6  0.0000  1.0000  0.0000 
   44 V 17  6  0.9780  0.0177  0.0043 
   45 G 17  5  0.9950  0.0013  0.0037 
   46 D 17  6  0.9965  0.0018  0.0017 
   47 V 18  6  0.9925  0.0045  0.0030 
   48 L 18  6  0.9963  0.0014  0.0024 
   49 R 18  6  0.9976  0.0002  0.0022 
   50 S 18  6  0.9973  0.0003  0.0023 
   51 L 18  6  0.9982  0.0003  0.0015 
   52 E 18  6  0.9819  0.0071  0.0110 
   53 A 18  6  0.2283  0.7506  0.0211 
   54 E 18  6  0.8860  0.0882  0.0258 
   55 Y 18  6  0.0547  0.9317  0.0135 
   56 D 17  6  0.9746  0.0227  0.0027 
   57 G 17  5  0.9106  0.0355  0.0539 
   58 L 17  6  1.0000  0.0000  0.0000 
   59 A 17  6  0.0469  0.9531  0.0000 
   60 G 17  5  0.1008  0.0000  0.8992 
   61 R 17  6  0.0000  1.0000  0.0000 
   62 L 18  6  0.2542  0.7243  0.0215 
   63 I 18  6  0.0000  0.9950  0.0050 
   64 E 18  6  0.0105  0.9515  0.0380 
   65 D 17  6  0.0016  0.0000  0.9984 
   66 G 17  5  0.0117  0.0563  0.9320 
   67 E 17  6  0.0000  0.9762  0.0238 
   68 V 16  6  0.9193  0.0351  0.0455 
   69 K 14  4  0.7429  0.2427  0.0144 
   70 P 14  4  0.9623  0.0377  0.0000 
   71 H 16  6  0.0498  0.0170  0.9332 
   72 V 18  6  0.0000  1.0000  0.0000 
   73 N 18  6  0.0084  0.9906  0.0010 
   74 V 18  6  0.0061  0.9927  0.0012 
   75 L 18  6  0.0072  0.9917  0.0011 
   76 K 18  6  0.0136  0.9496  0.0368 
   77 N 17  6  0.0000  0.0000  1.0000 
   78 G 17  5  0.0037  0.0641  0.9323 
   79 R 17  6  0.0000  1.0000  0.0000 
   80 E 18  6  0.1254  0.8571  0.0174 
   81 V 18  6  0.9865  0.0097  0.0038 
   82 V 18  6  0.9977  0.0004  0.0019 
   83 H 18  6  0.9985  0.0000  0.0015 
   84 L 18  6  0.0070  0.9886  0.0044 
   85 D 17  6  0.0126  0.9874  0.0000 
   86 G 17  5  0.0000  0.9066  0.0934 
   87 M 17  6  0.9716  0.0284  0.0000 
   88 A 18  6  0.2098  0.7601  0.0301 
   89 T 18  6  0.9725  0.0274  0.0001 
   90 A 18  6  0.9183  0.0403  0.0414 
   91 L 18  6  0.0014  0.9956  0.0030 
   92 D 18  6  0.0012  0.9988  0.0000 
   93 D 17  6  0.0491  0.9068  0.0441 
   94 G 17  5  0.0000  0.0260  0.9740 
   95 D 17  6  0.1054  0.8946  0.0000 
   96 A 18  6  0.0000  0.9968  0.0032 
   97 V 18  6  0.0087  0.9898  0.0015 
   98 S 18  6  0.0063  0.9922  0.0015 
   99 V 16  6  0.0094  0.9898  0.0008 
  100 F 10  4  0.0000  0.9977  0.0023 
  101 P  8  0  0.0181  0.9819  0.0000 
  102 P 10  4  0.0833  0.9167  0.0000 
  103 V 16  6  0.0388  0.9600  0.0012 
  104 A 17  6  0.0612  0.9388  0.0000 
  105 G 14  5  0.4457  0.2550  0.2992 
  106 G  8  3  0.3952  0.5411  0.0637 
