REMARK  Neural network 3-state phi/psi distribution prediction for shifts.txt
REMARK    A: Alpha        (-160<Phi<0&-70<psi<60)
REMARK    P: Positive_Phi (0<Phi<160&-60<psi<95) 
REMARK    B: Beta         (all others)

VARS RESID RESNAME CS_CNT CS_CNT_R2 Q_A Q_B Q_P 
FORMAT %4d %1s %2d %2d %7.4f %7.4f %7.4f 

    2 G  7  2  0.0000  0.0000  0.0000 
    3 G 13  5  0.0674  0.4935  0.4391 
    4 R 17  6  0.0286  0.9708  0.0006 
    5 D 18  6  0.0637  0.9187  0.0176 
    6 Y 18  6  0.0435  0.9546  0.0019 
    7 K 17  6  0.0235  0.9765  0.0000 
    8 D 11  5  0.1150  0.8850  0.0000 
    9 D  5  0  0.0000  0.0000  0.0000 
   10 D  3  0  0.0000  0.0000  0.0000 
   11 D  9  3  0.8538  0.1430  0.0032 
   12 K 14  6  0.6255  0.3322  0.0423 
   13 G 17  5  0.0000  0.1981  0.8019 
   14 T 17  6  0.0000  1.0000  0.0000 
   15 M 18  6  0.0098  0.9889  0.0013 
   16 E 18  6  0.0074  0.9916  0.0010 
   17 L 18  6  0.0076  0.9907  0.0016 
   18 E 18  6  0.0093  0.9907  0.0000 
   19 L 18  6  0.0097  0.9888  0.0016 
   20 R 18  6  0.0100  0.9893  0.0006 
   21 F 18  6  0.0105  0.9877  0.0018 
   22 F 15  6  0.0072  0.9918  0.0010 
   23 A 12  3  0.0053  0.9946  0.0001 
   24 T 12  3  0.9768  0.0125  0.0106 
   25 F 15  6  0.9948  0.0047  0.0004 
   26 R 18  6  0.9929  0.0041  0.0030 
   27 E 18  6  0.9962  0.0018  0.0020 
   28 V 18  6  0.9961  0.0014  0.0025 
   29 V 18  6  0.9987  0.0013  0.0000 
   30 G 18  6  0.7287  0.0330  0.2382 
   31 Q 18  6  0.0629  0.9147  0.0224 
   32 K 18  6  0.9801  0.0031  0.0168 
   33 S 18  6  0.0066  0.9861  0.0073 
   34 I 18  6  0.0075  0.9919  0.0006 
   35 Y 18  6  0.0124  0.9873  0.0003 
   36 W 18  6  0.0130  0.9861  0.0009 
   37 R 18  6  0.0110  0.9890  0.0000 
   38 V 18  6  0.0066  0.9934  0.0000 
   39 D 18  6  0.0954  0.8892  0.0154 
   40 D 18  6  0.9495  0.0314  0.0191 
   41 D 18  6  0.9800  0.0200  0.0000 
   42 A 18  6  0.0375  0.9339  0.0287 
   43 T 18  6  0.0000  1.0000  0.0000 
   44 V 17  6  0.9792  0.0168  0.0040 
   45 G 17  5  0.9893  0.0043  0.0064 
   46 D 17  6  0.9965  0.0031  0.0004 
   47 V 18  6  0.9917  0.0051  0.0033 
   48 L 18  6  0.9966  0.0012  0.0022 
   49 R 18  6  0.9977  0.0000  0.0023 
   50 S 18  6  0.9966  0.0011  0.0023 
   51 L 18  6  0.9986  0.0000  0.0014 
   52 E 18  6  0.9820  0.0064  0.0115 
   53 A 18  6  0.0805  0.9160  0.0035 
   54 E 18  6  0.8123  0.1783  0.0094 
   55 Y 18  6  0.2661  0.6982  0.0357 
   56 D 17  6  0.9688  0.0312  0.0000 
   57 G 17  5  0.2183  0.0130  0.7687 
   58 L 17  6  0.9980  0.0020  0.0000 
   59 A 17  6  0.0530  0.9470  0.0000 
   60 G 17  5  0.0086  0.0000  0.9914 
   61 R 17  6  0.0000  1.0000  0.0000 
   62 L 18  6  0.1241  0.8646  0.0113 
   63 I 18  6  0.0025  0.9940  0.0035 
   64 E 18  6  0.0110  0.9575  0.0316 
   65 D 17  6  0.0113  0.0000  0.9887 
   66 G 17  5  0.0168  0.0416  0.9416 
   67 E 17  6  0.0000  0.9770  0.0230 
   68 V 17  6  0.9033  0.0472  0.0495 
   69 K 14  5  0.6323  0.3414  0.0263 
   70 P 14  3  0.9871  0.0129  0.0000 
   71 H 15  6  0.8753  0.0287  0.0960 
   72 V 18  6  0.0012  0.9988  0.0000 
   73 N 18  6  0.0414  0.9550  0.0037 
   74 V 18  6  0.0046  0.9937  0.0017 
   75 L 18  6  0.0083  0.9906  0.0011 
   76 K 18  6  0.0125  0.9601  0.0274 
   77 N 17  6  0.0117  0.0000  0.9883 
   78 G 17  5  0.0142  0.0358  0.9500 
   79 R 17  6  0.0000  1.0000  0.0000 
   80 E 18  6  0.0181  0.9706  0.0114 
   81 V 18  6  0.9822  0.0169  0.0009 
   82 V 18  6  0.9961  0.0015  0.0023 
   83 H 18  6  1.0000  0.0000  0.0000 
   84 L 18  6  0.0066  0.9875  0.0059 
   85 D 17  6  0.0015  0.9984  0.0001 
   86 G 17  5  0.0000  0.8915  0.1085 
   87 M 17  6  0.9716  0.0284  0.0000 
   88 A 18  6  0.1769  0.7959  0.0272 
   89 T 18  6  0.9794  0.0206  0.0000 
   90 A 18  6  0.8693  0.0853  0.0454 
   91 L 18  6  0.0006  0.9949  0.0046 
   92 D 18  6  0.0008  0.9990  0.0002 
   93 D 17  6  0.0134  0.9362  0.0504 
   94 G 17  5  0.0000  0.0760  0.9240 
   95 D 17  6  0.7241  0.2759  0.0000 
   96 A 18  6  0.0000  0.9924  0.0076 
   97 V 18  6  0.0093  0.9901  0.0006 
   98 S 18  6  0.0132  0.9848  0.0020 
   99 V 17  6  0.0075  0.9919  0.0006 
  100 F 11  5  0.0000  0.9977  0.0023 
  101 P  8  0  0.0093  0.9860  0.0047 
  102 P  9  3  0.0893  0.9107  0.0000 
  103 V 15  6  0.7493  0.2344  0.0163 
  104 A 17  6  0.0124  0.9876  0.0000 
  105 G 15  5  0.3560  0.5520  0.0920 
  106 G  9  4  0.3952  0.5382  0.0666 
