REMARK  Neural network secondary structure prediction for shifts.txt
REMARK     H-Helix    E-Strand   L-Coil 

DATA FIRST_RESID 1

DATA SEQUENCE     GGRDYKDDDD KGTMELELRF FATFREVVGQ KSIYWRVDDD ATVGDVLRSL 
DATA PREDICTED_SS LLLLLLLXXL LLEEEEEEEE ELHHHHHHLL LLEEEEELLL LLHHHHHHHH 
DATA CONFIDENCE   0999899009 9738999998 3748999648 8289995789 9859999999 

DATA SEQUENCE     EAEYDGLAGR LIEDGEVKPH VNVLKNGREV VHLDGMATAL DDGDAVSVFP 
DATA PREDICTED_SS HLLLLLLLLL LEELLELLLL LEEEELLEHH HLLLLLLLLE LLLLEEEEEL 
DATA CONFIDENCE   7188746887 2657706854 6799766149 7288899944 2897599828 


DATA SEQUENCE     PVAGG
DATA PREDICTED_SS LLLLL
DATA CONFIDENCE   98880

VARS RESID RESNAME CS_CNT CS_CNT_R2 Q_H Q_E Q_L CONFIDENCE SS_CLASS
FORMAT %4d %1s %2d %2d %8.3f %8.3f %8.3f %4.2f %s

    2 G  8  3    0.333    0.333    0.333 0.00 L
    3 G 14  5    0.028    0.026    0.946 0.92 L
    4 R 17  6    0.000    0.024    0.975 0.95 L
    5 D 18  6    0.003    0.038    0.959 0.92 L
    6 Y 18  6    0.014    0.050    0.936 0.89 L
    7 K 16  6    0.008    0.027    0.966 0.94 L
    8 D 10  4    0.000    0.000    1.000 1.00 L
    9 D  4  0    0.000    0.000    0.000 0.00 X
   10 D  4  0    0.000    0.000    0.000 0.00 X
   11 D 10  4    0.008    0.013    0.978 0.96 L
   12 K 15  6    0.012    0.025    0.963 0.94 L
   13 G 17  5    0.000    0.138    0.862 0.72 L
   14 T 17  6    0.000    0.674    0.326 0.35 E
   15 M 18  6    0.000    0.943    0.057 0.89 E
   16 E 18  6    0.003    0.989    0.008 0.98 E
   17 L 18  6    0.006    0.986    0.008 0.98 E
   18 E 18  6    0.003    0.984    0.013 0.97 E
   19 L 18  6    0.002    0.965    0.033 0.93 E
   20 R 18  6    0.000    0.967    0.033 0.93 E
   21 F 18  6    0.000    0.906    0.094 0.81 E
   22 F 14  6    0.000    0.665    0.335 0.33 E
   23 A 12  2    0.070    0.074    0.856 0.78 L
   24 T 12  4    0.713    0.006    0.281 0.43 H
   25 F 16  6    0.906    0.000    0.094 0.81 H
   26 R 18  6    0.956    0.000    0.044 0.91 H
   27 E 18  6    0.983    0.000    0.017 0.97 H
   28 V 18  6    0.976    0.000    0.024 0.95 H
   29 V 18  6    0.818    0.000    0.182 0.64 H
   30 G 18  6    0.292    0.001    0.707 0.41 L
   31 Q 18  6    0.050    0.023    0.927 0.88 L
   32 K 18  6    0.019    0.045    0.936 0.89 L
   33 S 18  6    0.000    0.364    0.636 0.27 L
   34 I 18  6    0.000    0.903    0.097 0.81 E
   35 Y 18  6    0.010    0.987    0.003 0.98 E
   36 W 18  6    0.008    0.990    0.001 0.98 E
   37 R 18  6    0.003    0.981    0.016 0.96 E
   38 V 18  6    0.004    0.775    0.221 0.55 E
   39 D 18  6    0.000    0.110    0.889 0.78 L
   40 D 18  6    0.036    0.035    0.929 0.89 L
   41 D 18  6    0.030    0.014    0.956 0.93 L
   42 A 18  6    0.001    0.014    0.985 0.97 L
   43 T 18  6    0.028    0.070    0.902 0.83 L
   44 V 17  6    0.760    0.026    0.214 0.55 H
   45 G 17  5    0.974    0.000    0.026 0.95 H
   46 D 17  6    0.994    0.000    0.006 0.99 H
   47 V 18  6    0.998    0.001    0.002 1.00 H
   48 L 18  6    0.997    0.001    0.002 0.99 H
   49 R 18  6    0.995    0.001    0.004 0.99 H
   50 S 18  6    0.994    0.002    0.004 0.99 H
   51 L 18  6    0.987    0.000    0.013 0.97 H
   52 E 18  6    0.855    0.000    0.145 0.71 H
   53 A 18  6    0.434    0.000    0.566 0.13 L
   54 E 18  6    0.080    0.007    0.912 0.83 L
   55 Y 18  6    0.056    0.044    0.900 0.84 L
   56 D 17  6    0.110    0.043    0.847 0.74 L
   57 G 17  5    0.236    0.052    0.712 0.48 L
   58 L 17  6    0.155    0.028    0.817 0.66 L
   59 A 17  6    0.055    0.023    0.922 0.87 L
   60 G 17  5    0.040    0.062    0.899 0.84 L
   61 R 17  6    0.018    0.121    0.861 0.74 L
   62 L 18  6    0.005    0.380    0.614 0.23 L
   63 I 18  6    0.000    0.831    0.169 0.66 E
   64 E 18  6    0.000    0.769    0.231 0.54 E
   65 D 17  6    0.000    0.141    0.859 0.72 L
   66 G 17  5    0.008    0.113    0.880 0.77 L
   67 E 17  6    0.000    0.544    0.456 0.09 E
   68 V 16  6    0.034    0.160    0.806 0.65 L
   69 K 14  4    0.053    0.040    0.907 0.85 L
   70 P 14  4    0.178    0.055    0.767 0.59 L
   71 H 16  6    0.260    0.043    0.698 0.44 L
   72 V 18  6    0.077    0.148    0.775 0.63 L
   73 N 18  6    0.000    0.856    0.144 0.71 E
   74 V 18  6    0.006    0.992    0.002 0.99 E
   75 L 18  6    0.006    0.987    0.007 0.98 E
   76 K 18  6    0.000    0.861    0.139 0.72 E
   77 N 17  6    0.000    0.191    0.809 0.62 L
   78 G 17  5    0.001    0.152    0.847 0.69 L
   79 R 17  6    0.053    0.569    0.379 0.19 E
   80 E 18  6    0.660    0.147    0.193 0.47 H
   81 V 18  6    0.955    0.000    0.045 0.91 H
   82 V 18  6    0.879    0.000    0.121 0.76 H
   83 H 18  6    0.348    0.044    0.608 0.26 L
   84 L 18  6    0.034    0.081    0.886 0.81 L
   85 D 17  6    0.005    0.072    0.923 0.85 L
   86 G 17  5    0.018    0.044    0.938 0.89 L
   87 M 17  6    0.025    0.029    0.946 0.92 L
   88 A 18  6    0.005    0.033    0.962 0.93 L
   89 T 18  6    0.011    0.035    0.954 0.92 L
   90 A 18  6    0.024    0.254    0.722 0.47 L
   91 L 18  6    0.000    0.726    0.274 0.45 E
   92 D 18  6    0.000    0.359    0.641 0.28 L
   93 D 17  6    0.006    0.093    0.901 0.81 L
   94 G 17  5    0.003    0.042    0.954 0.91 L
   95 D 17  6    0.010    0.128    0.862 0.73 L
   96 A 18  6    0.000    0.782    0.218 0.56 E
   97 V 18  6    0.000    0.984    0.016 0.97 E
   98 S 18  6    0.005    0.988    0.007 0.98 E
   99 V 16  6    0.000    0.911    0.089 0.82 E
  100 F 10  4    0.000    0.614    0.386 0.23 E
  101 P  8  0    0.007    0.063    0.930 0.87 L
  102 P 10  4    0.001    0.019    0.980 0.96 L
  103 V 16  6    0.033    0.064    0.903 0.84 L
  104 A 17  6    0.009    0.067    0.924 0.86 L
  105 G 14  5    0.004    0.070    0.926 0.86 L
  106 G  8  3    0.333    0.333    0.333 0.00 L
